$MeshFormat
2.2 0 8
$EndMeshFormat
$PhysicalNames
21
1 11 "ISOLAMENTO_PERFEITO"
1 12 "FUNDACAO_TOPO"
1 13 "FACE_MONTANTE_1"
1 14 "FACE_JUSANTE_1"
1 15 "FACE_MONTANTE_2"
1 16 "FACE_JUSANTE_2"
1 17 "FACE_MONTANTE_3"
1 18 "FACE_JUSANTE_3"
1 19 "FACE_TOPO"
1 20 "interface_1_2"
1 21 "interface_2_3"
2 1 "camada_material_1"
2 2 "camada_material_2"
2 3 "camada_material_3"
2 4 "camada_material_4"
2 5 "camada_material_5"
2 6 "camada_material_6"
2 7 "camada_material_7"
2 8 "camada_material_8"
2 9 "camada_material_9"
2 10 "camada_material_10"
$EndPhysicalNames
$Nodes
57
1 -3 -3 0
2 0 -3 0
3 1 -3 0
4 5 -3 0
5 8 -3 0
6 8 0 0
7 5 0 0
8 1 0 0
9 0 0 0
10 -3 0 0
11 0 2.5 0
12 1 2.5 0
13 4 2.5 0
14 3 5 0
15 1 5 0
16 0 5 0
17 0 7.5 0
18 1 7.5 0
19 3 7.5 0
20 -1.500000000004162 -3 0
21 0.4999999999986921 -3 0
22 2.999999999997314 -3 0
23 6.499999999999998 -3 0
24 8 -1.500000000004162 0
25 6.500000000000002 0 0
26 3.000000000011019 0 0
27 0.5000000000020595 0 0
28 -1.499999999994286 0 0
29 -3 -1.499999999994286 0
30 0 -1.500000000004162 0
31 1 -1.499999999994286 0
32 5 -1.500000000004162 0
33 4.500000000000655 1.249999999998363 0
34 2.500000000002346 2.5 0
35 0.5000000000020595 2.5 0
36 0 1.249999999999999 0
37 1 1.2499999999981 0
38 0 3.750000000000001 0
39 0.4999999999986921 5 0
40 2.000000000001391 5 0
41 3.5 3.749999999999999 0
42 1 3.750000000000001 0
43 3 6.250000000000001 0
44 2.000000000005509 7.5 0
45 0.5000000000020595 7.5 0
46 0 6.249999999999999 0
47 1 6.250000000000001 0
48 -1.499999999999224 -1.499999999999224 0
49 0.5000000000003758 -1.499999999999224 0
50 3.000000000004166 -1.499999999999224 0
51 6.5 -1.500000000004162 0
52 2.75000000000701 1.249999999998232 0
53 0.5000000000020595 1.24999999999905 0
54 0.5000000000003758 3.750000000000001 0
55 2.250000000001869 3.75 0
56 2.00000000000345 6.25 0
57 0.5000000000003758 6.25 0
$EndNodes
$Elements
120
1 1 2 11 1 1 20
2 1 2 11 1 20 2
3 1 2 11 2 2 21
4 1 2 11 2 21 3
5 1 2 11 3 3 22
6 1 2 11 3 22 4
7 1 2 11 4 4 23
8 1 2 11 4 23 5
9 1 2 11 5 5 24
10 1 2 11 5 24 6
11 1 2 12 6 6 25
12 1 2 12 6 25 7
13 1 2 12 9 9 28
14 1 2 12 9 28 10
15 1 2 11 10 10 29
16 1 2 11 10 29 1
17 1 2 14 14 7 33
18 1 2 14 14 33 13
19 1 2 20 15 13 34
20 1 2 20 15 34 12
21 1 2 20 16 12 35
22 1 2 20 16 35 11
23 1 2 13 17 11 36
24 1 2 13 17 36 9
25 1 2 15 19 11 38
26 1 2 15 19 38 16
27 1 2 21 20 16 39
28 1 2 21 20 39 15
29 1 2 21 21 15 40
30 1 2 21 21 40 14
31 1 2 16 22 14 41
32 1 2 16 22 41 13
33 1 2 18 24 14 43
34 1 2 18 24 43 19
35 1 2 19 25 19 44
36 1 2 19 25 44 18
37 1 2 19 26 18 45
38 1 2 19 26 45 17
39 1 2 17 27 17 46
40 1 2 17 27 46 16
41 2 2 1 1 9 28 30
42 2 2 1 1 30 28 48
43 2 2 1 1 30 48 2
44 2 2 1 1 2 48 20
45 2 2 1 1 28 10 48
46 2 2 1 1 48 10 29
47 2 2 1 1 48 29 20
48 2 2 1 1 20 29 1
49 2 2 2 2 8 27 31
50 2 2 2 2 31 27 49
51 2 2 2 2 31 49 3
52 2 2 2 2 3 49 21
53 2 2 2 2 27 9 49
54 2 2 2 2 49 9 30
55 2 2 2 2 49 30 21
56 2 2 2 2 21 30 2
57 2 2 3 3 7 26 32
58 2 2 3 3 32 26 50
59 2 2 3 3 32 50 4
60 2 2 3 3 4 50 22
61 2 2 3 3 26 8 50
62 2 2 3 3 50 8 31
63 2 2 3 3 50 31 22
64 2 2 3 3 22 31 3
65 2 2 4 4 6 25 24
66 2 2 4 4 24 25 51
67 2 2 4 4 24 51 5
68 2 2 4 4 5 51 23
69 2 2 4 4 25 7 51
70 2 2 4 4 51 7 32
71 2 2 4 4 51 32 23
72 2 2 4 4 23 32 4
73 2 2 6 5 7 26 33
74 2 2 6 5 33 26 52
75 2 2 6 5 33 52 13
76 2 2 6 5 13 52 34
77 2 2 6 5 26 8 52
78 2 2 6 5 52 8 37
79 2 2 6 5 52 37 34
80 2 2 6 5 34 37 12
81 2 2 5 6 12 35 37
82 2 2 5 6 37 35 53
83 2 2 5 6 37 53 8
84 2 2 5 6 8 53 27
85 2 2 5 6 35 11 53
86 2 2 5 6 53 11 36
87 2 2 5 6 53 36 27
88 2 2 5 6 27 36 9
89 2 2 7 7 12 42 35
90 2 2 7 7 35 42 54
91 2 2 7 7 35 54 11
92 2 2 7 7 11 54 38
93 2 2 7 7 42 15 54
94 2 2 7 7 54 15 39
95 2 2 7 7 54 39 38
96 2 2 7 7 38 39 16
97 2 2 8 8 15 40 42
98 2 2 8 8 42 40 55
99 2 2 8 8 42 55 12
100 2 2 8 8 12 55 34
101 2 2 8 8 40 14 55
102 2 2 8 8 55 14 41
103 2 2 8 8 55 41 34
104 2 2 8 8 34 41 13
105 2 2 10 9 14 43 40
106 2 2 10 9 40 43 56
107 2 2 10 9 40 56 15
108 2 2 10 9 15 56 47
109 2 2 10 9 43 19 56
110 2 2 10 9 56 19 44
111 2 2 10 9 56 44 47
112 2 2 10 9 47 44 18
113 2 2 9 10 18 45 47
114 2 2 9 10 47 45 57
115 2 2 9 10 47 57 15
116 2 2 9 10 15 57 39
117 2 2 9 10 45 17 57
118 2 2 9 10 57 17 46
119 2 2 9 10 57 46 39
120 2 2 9 10 39 46 16
$EndElements
